8
CI 84 -8  84 258  351 258  351 -8     EL 138 245  138 401  549 401  138 89     

CI 67 47  67 228  248 228  248 47     SQ 258 221  258 413  450 340  258 29     SQ 152 128  152 321  345 257  152 -65     

SQ 167 108  167 325  384 240  167 -109     SQ 84 63  84 227  248 205  84 -101     

SQ 242 113  242 400  529 292  242 -174     SQ 229 189  229 354  394 268  229 24     

SQ 89 112  89 392  369 241  89 -168     SQ 258 116  258 367  509 267  258 -135     SQ 230 56  230 233  407 183  230 -121     

 0 CI -1 -29  -1 283  311 283  311 -29     

NULL 0 CI -9 27  -9 310  273 310  273 27     CI 99 23  99 296  372 296  372 23     CI 58 234  58 443  267 443  267 234     CI 218 20  218 365  563 365  563 20     

NULL 0 CI 61 14  61 205  252 205  252 14     CI 100 197  100 362  265 362  265 197     SQ 304 166  304 307  445 290  304 25     

